  1   1   0   1   1   1   1   1   1   1  32   2  32   1   0   2  32  32   1   0   1  64  64  64  64  64  64  64  64  64 
 32   1   0   1  32   1   1  32   2   2   2   2   1   2   2   4  32   3   1   0   1  64  64  64  64   3   2   1   3  32 
  1   1   0   2   2   2   1   1   2  32   2   1   1   2  32  32   3   1   0   0   1  64   4  32  32  32   1   0   2  32 
  1   1   1   1  32   1   0   0   2   2   3  32   1   2  32  32   3   1   1   0   1  64  32   3   3   2   1   0   1   1 
  1  32   1   1   1   1   0   0   1  32   2   1   1   1   2   2   2  32   1   0   1   2   2   1   0   0   0   0   0   0 
  1   1   1   0   0   0   0   0   2   2   2   0   0   0   1   2   3   2   2   1   2  64   1   0   1   1   1   0   0   0 
  0   1   1   1   0   1   2   2   2  32   1   0   0   0   1  32  32   2   2  32   3  64   2   1   2  32   2   0   0   0 
  0   2  32   3   1   1  32  32   3   1   1   0   0   0   2   3   4  64  64  64  64  64  32   3   3  32   2   1   1   1 
  0   2  32  32   2   1   4  32   3   0   1   2   2   1   1  32   4  64  64  64  64  64  64  64  64   2   1   1  32   1 
  2   3   4  32   2   0   2  32   2   0   1  32  32   1   1   2  64  64  64  64  64  64  64  64  64   1   0   1   1   1 
 32  32   2   1   1   1   3   3   2   0   1   2   2   1   0   2  64  64  64  64  64  64  64  64  64   1   0   0   0   0 
 64   4   2   0   0   1  32  32   1   0   0   0   1   1   1   1  64  64  64  64  64  64  64  64  64   1   0   0   0   0 
 64  32   3   2   2   2   3   4   3   2   1   2   2  32   2   3  64  64  64  64  64  64  64  64  64   2   1   1   1   0 
 64  64  64  64  64  64  64  64  64  64  64  64  64  64  64  64  64  64  64  64  64  64  64  64  64   2   2  32   3   1 
 64  64  64  64  64  64  64  64  64  64  64  64  64  64  64  64  64  64  64  64  64  64  64  64  64  64  64  64  64  64 
 64  64  64  64  64  64  64  64  64  64  64  64  64  64  64  64  64  64  64  64  64  64  64   1  64  64  64  64  64  64 